0.13377165778789
0.11340358866551
0.15212059728076
0.16125294998049
0.13305425273107
0.072405958968933
0.16501043344788
0.13584357245059
0.16401524647988
0.15395276565517
0.14316097796328
1.4683653463517
0.14629018074009
0.13838244585749
0.13569466902583
0.12637037195892
0.16878900193847
0.13613625793263
0.15334359483784
0.12097349562272
0.16218188741537
0.14024165247701
0.14659632509064
0.13979046525627
0.17022997558318
0.1966942082435
0.14011908659838
0.13662288331334
2.1186301015788
0.16704073180082
0.13585778960354
0.12857052820364
0.16392343945273
0.14649850225682
0.1474795286015
0.88632954030814
0.15261277485686
0.13035250290925
0.17258151008299
0.14785420380501
0.16008474901471
0.1283841370805
0.16354623545799
0.118165292788
0.16806460027437
0.12358125106552
3.2353599230397
0.13803225080191
0.16416756653975
0.15393929515156
0.13314561240079
0.17910040375175
0.17223220656268
0.17195933097535
0.18273624434913
0.14366739299775
0.16591504791838
0.15674409960771
0.12990373988382
0.14742963400132
0.13074709043611
0.1198632848667
0.17467803205909
0.16876235853317
0.14094452486631
0.1141345278736
4.297077339046
0.11918436172546
0.18500848380574
0.17960311903484
0.18487913385008
0.13048649751369
0.1228821427891
0.12133806772305
0.15351655981606
0.15837097490893
0.15647754415196
0.11077972285325
0.12906263129654
0.16198812305173
0.12709335296273
0.1373151046704
0.14688820812818
0.093910655977969
0.16845442808882
0.13312223804693
0.13697570337079
0.1129253256608
0.14500622324428
0.17136380951002
0.22538135646662
4.2671378401309
0.15654644794443
0.17978290144011
0.13314265568172
0.16513364915466
0.14149171926473
0.099040835078281
0.13252697158304
0.13596651532203
