0.18081075673993
0.18100542398751
0.1811406829394
0.18130950057567
0.18123384564009
0.18109774996099
2.9972227584877
0.181222578649
0.18074623790327
0.18090450731547
0.18051441863009
0.1806032018716
0.18111744031871
0.1805578962283
0.18070878739725
1.9848324461145
0.18065754205549
0.18071789396713
0.18090332403283
0.18084513035858
0.1809040924353
0.1809026798739
0.18104921023322
0.18110221586227
0.18093769997034
0.18126129801943
0.18094256914878
0.180867941379
0.18095849556343
0.18083469097009
0.18088573701354
0.18088941466559
0.18105899207214
0.18055947539724
0.18080160697812
0.18089745241434
4.438743692108
1.6187575415004
0.18099569647912
0.18068140330698
3.3798329593147
0.18117665733791
0.18107273885905
3.9667978264834
0.180855636013
0.18077215025875
0.18100144723624
0.18113900115637
0.18105225215195
0.18105301208787
0.18084113876307
0.18054754868346
0.18082547168761
0.18090938937622
0.18094817720017
0.18058173533588
0.1810494133804
0.18100038766564
0.18085370217004
0.18072184522543
0.18116552740525
0.18101049436209
0.18068434932662
0.18116195764
0.18089884560858
0.18091142293377
0.18093939067112
0.18102875858722
0.1810048680509
0.18068331342176
0.18118013354545
0.18063138636791
0.18088053868902
0.18103015933915
0.18049704662461
0.18068756259376
0.18091310852352
0.18105464379563
0.18113657942235
0.18094231157179
0.18036553635044
0.18110426770665
0.18057315572528
0.18097774532596
0.18101060763574
0.18101701039379
0.18090443722537
0.18092471396773
0.07416897681532
0.1812906267665
3.3577183279108
0.18062012693367
0.18084646964719
0.18061333092651
0.18083062670448
0.18075785589446
0.18116598522595
0.18090305756265
0.18099197895466
0.18113539284249
